# z  DH  sigDH  DM  sigDM  DV  sigDV
0.000000000000000000e+00 4.442279125676632248e+03 3.012613000844844464e+02 0.000000000000000000e+00 0.000000000000000000e+00 0.000000000000000000e+00 0.000000000000000000e+00
9.874371859296482770e-03 4.419694262627283933e+03 2.886772655447363718e+02 4.375321032165125246e+01 2.931772820351219977e+01 4.371601014598521573e+01 1.955171476570267686e+01
1.974874371859296554e-02 4.397028023124324136e+03 2.765288238489168293e+02 8.728300753648018429e+01 4.060178685584217817e+01 8.713367619840641964e+01 2.708321537505507237e+01
2.962311557788945005e-02 4.374286333324645966e+03 2.648135406060397372e+02 1.305886173616616759e+02 4.870594330636729552e+01 1.302515387884529900e+02 3.249329721911948354e+01
3.949748743718593108e-02 4.351475080474333481e+03 2.535290344345393692e+02 1.736693238393375225e+02 5.509847924711228728e+01 1.730682487274050629e+02 3.675917670062635523e+01
4.937185929648241905e-02 4.328600108763269418e+03 2.426729863507020184e+02 2.165244689319302438e+02 6.036506881775665079e+01 2.155825663680924720e+02 4.027034298456914740e+01
5.924623115577890009e-02 4.305667215323514938e+03 2.322431452966117718e+02 2.591534520772331120e+02 6.481504216533859619e+01 2.577933608702869606e+02 4.323243654025302618e+01
6.912060301507537419e-02 4.282682146376151650e+03 2.222373286895648619e+02 3.015557297047200791e+02 6.863767834699926595e+01 2.996996093733712883e+02 4.577131772117815700e+01
7.899497487437186216e-02 4.259650593528960599e+03 2.126534166866608189e+02 3.437308147145531620e+02 7.196000640790227010e+01 3.413003960797122431e+02 4.797153170502180330e+01
8.886934673366835014e-02 4.236578190226397055e+03 2.034893386631513010e+02 3.856782759207825393e+02 7.487287833877282139e+01 3.825949112522150131e+02 4.989364694334513928e+01
9.874371859296483811e-02 4.213470508354513186e+03 1.947430502311156602e+02 4.273977374602586679e+02 7.744435763544704798e+01 4.235824501296367544e+02 5.158315068911270629e+01
1.086180904522613122e-01 4.190333055000582135e+03 1.864124989897977116e+02 4.688888781687831511e+02 7.972725962255077548e+01 4.642624117632158232e+02 5.307545344388185526e+01
1.184924623115578002e-01 4.167171269371686321e+03 1.784955771490948564e+02 5.101514309260482491e+02 8.176370415797956070e+01 5.046342977783770607e+02 5.439890651731967353e+01
1.283668341708542882e-01 4.143990519868566480e+03 1.709900592320089459e+02 5.511851819709153233e+02 8.358801854096168427e+01 5.446977110650553868e+02 5.557672296127888245e+01
1.382412060301507484e-01 4.120796101318697765e+03 1.638935233184289189e+02 5.919899701885859713e+02 8.522867178021895995e+01 5.844523544004662199e+02 5.662825501422803143e+01
1.481155778894472363e-01 4.097593232366291886e+03 1.572032547800833697e+02 6.325656863712267750e+02 8.670961120414381185e+01 6.238980290079633733e+02 5.756987477025945310e+01
1.579899497487437243e-01 4.074387053019794621e+03 1.509161322531510905e+02 6.729122724535977795e+02 8.805121485803664427e+01 6.630346330557440524e+02 5.841559997584092656e+01
1.678643216080402123e-01 4.051182622355395779e+03 1.450284967369613582e+02 7.130297207252366434e+02 8.927098822739613126e+01 7.018621600990775278e+02 5.917755038597704953e+01
1.777386934673367003e-01 4.027984916375999546e+03 1.395360062132016310e+02 7.529180730207320948e+02 9.038408573962591674e+01 7.403806974697785108e+02 5.986628813937458915e+01
1.876130653266331605e-01 4.004798826024880327e+03 1.344334800183588072e+02 7.925774198896207281e+02 9.140370909187726056e+01 7.785904246166426219e+02 6.049107673296652621e+01
1.974874371859296762e-01 3.981629155349995926e+03 1.297147392425103760e+02 8.320078997474138305e+02 9.234141705507543918e+01 8.164916114003386838e+02 6.106008161658525069e+01
2.073618090452261364e-01 3.958480619820154061e+03 1.253724514970005686e+02 8.712096980092462672e+02 9.320737040660668526e+01 8.540846163465433847e+02 6.158052812378117835e+01
2.172361809045226244e-01 3.935357844788685270e+03 1.213979901800114050e+02 9.101830462076291042e+02 9.401052849664893074e+01 8.913698848607527907e+02 6.205882770818629268e+01
2.271105527638190846e-01 3.912265364103280717e+03 1.177813195334687464e+02 9.489282210957514963e+02 9.475880919204888642e+01 9.283479474083335390e+02 6.250068029317286999e+01
2.369849246231156004e-01 3.889207618858385104e+03 1.145109169675083933e+02 9.874455437377608860e+02 9.545922069969280699e+01 9.650194176631915752e+02 6.291115838914525682e+01
2.468592964824120606e-01 3.866188956288319332e+03 1.115737430464694881e+02 1.025735378587417244e+03 9.611797151974002418e+01 1.001384990628500759e+03 6.329477713627439783e+01
2.567336683417085763e-01 3.843213628798299851e+03 1.089552670533111893e+02 1.063798132556500832e+03 9.674056318720306535e+01 1.037445440732835323e+03 6.365555337105034539e+01
2.666080402010050365e-01 3.820285793128507066e+03 1.066395523052615459e+02 1.101634254074305318e+03 9.733186931660677033e+01 1.073201619904788913e+03 6.399705605243873663e+01
2.764824120603014967e-01 3.797409509650055497e+03 1.046094007346942902e+02 1.139244232139531050e+03 9.789620363060301145e+01 1.108654455629424774e+03 6.432244982577934422e+01
2.863567839195980125e-01 3.774588741787780236e+03 1.028465512985254122e+02 1.176628595365851425e+03 9.843737903744479922e+01 1.143804948989488366e+03 6.463453308924610496e+01
2.962311557788944727e-01 3.751827355567339055e+03 1.013319222086523439e+02 1.213787911022390972e+03 9.895875936179072596e+01 1.178654172694467661e+03 6.493577161715361967e+01
3.061055276381909329e-01 3.729129119281796193e+03 1.000458834793542735e+02 1.250722784070326952e+03 9.946330498547669663e+01 1.213203269100290072e+03 6.522832855870744595e+01
3.159798994974874486e-01 3.706497703275398635e+03 9.896854431249100514e+01 1.287433856196771330e+03 9.995361338966004894e+01 1.247453448222599718e+03 6.551409144986553201e+01
3.258542713567839089e-01 3.683936679839374847e+03 9.808003960943497646e+01 1.323921804847074327e+03 1.004319553858405101e+02 1.281405985746206397e+03 6.579469673629645854e+01
3.357286432160804246e-01 3.661449523216333091e+03 9.736080126453659034e+01 1.360187342256633201e+03 1.009003076654212663e+02 1.315062221033355399e+03 6.607155219657903444e+01
3.456030150753769403e-01 3.639039609709635897e+03 9.679180251671918711e+01 1.396231214483265376e+03 1.013603821745392679e+02 1.348423555133385662e+03 6.634585756986635374e+01
3.554773869346734005e-01 3.616710217893213212e+03 9.635476699449993987e+01 1.432054200441153625e+03 1.018136527247098400e+02 1.381491448796125042e+03 6.661862362576250973e+01
3.653517587939698608e-01 3.594464528917719235e+03 9.603233765474374195e+01 1.467657110937343077e+03 1.022613791742653007e+02 1.414267420491334178e+03 6.689068986209751699e+01
3.752261306532663210e-01 3.572305626909535476e+03 9.580820414193946988e+01 1.503040787711716348e+03 1.027046294560157378e+02 1.446753044436476330e+03 6.716274097571816526e+01
3.851005025125628367e-01 3.550236499458397702e+03 9.566718986694094440e+01 1.538206102481346988e+03 1.031442996795305049e+02 1.478949948634915472e+03 6.743532221995135956e+01
3.949748743718593524e-01 3.528260038188814178e+03 9.559530216020472437e+01 1.573153955990082750e+03 1.035811324992159115e+02 1.510859812926449422e+03 6.770885373813422348e+01
4.048492462311557571e-01 3.506379039412539441e+03 9.557975017761469871e+01 1.607885277064169713e+03 1.040157339098619929e+02 1.542484367052259813e+03 6.798364394428421065e+01
4.147236180904522729e-01 3.484596204856864915e+03 9.560893589087325495e+01 1.642401021674696040e+03 1.044485886079094428e+02 1.573825388735930801e+03 6.825990200816461595e+01
4.245979899497487886e-01 3.462914142465570876e+03 9.567242361666384909e+01 1.676702172007582021e+03 1.048800740380573302e+02 1.604884701782352749e+03 6.853774949202990285e+01
4.344723618090452488e-01 3.441335367268285154e+03 9.576089326676348890e+01 1.710789735541820846e+03 1.053104732299738089e+02 1.635664174196093654e+03 6.881723117911776910e+01
4.443467336683417090e-01 3.419862302314249064e+03 9.586608198337471265e+01 1.744664744136618992e+03 1.057399865179677363e+02 1.666165716320725778e+03 6.909832512909841284e+01
4.542211055276381693e-01 3.398497279666492886e+03 9.598071817367878111e+01 1.778328253128056531e+03 1.061687422268984022e+02 1.696391279000506984e+03 6.938095199254053114e+01
4.640954773869346850e-01 3.377242541453869308e+03 9.609845126539094906e+01 1.811781340435849188e+03 1.065968063998218156e+02 1.726342851765936985e+03 6.966498361457401245e+01
4.739698492462312007e-01 3.356100240974779354e+03 9.621377983311133164e+01 1.845025105680754450e+03 1.070241916364825130e+02 1.756022461044025704e+03 6.995025095689550199e+01
4.838442211055277165e-01 3.335072443851891421e+03 9.632198013747367327e+01 1.878060669313127619e+03 1.074508651064531648e+02 1.785432168394894916e+03 7.023655136709417945e+01
4.937185929648241212e-01 3.314161129231808900e+03 9.641903658387768417e+01 1.910889171753100982e+03 1.078767557962352868e+02 1.814574068775356636e+03 7.052365522417524346e+01
5.035929648241206369e-01 3.293368191027560897e+03 9.650157516461176499e+01 1.943511772542823792e+03 1.083017610457624755e+02 1.843450288830662657e+03 7.081131198955094419e+01
5.134673366834171526e-01 3.272695439200409965e+03 9.656680058615452822e+01 1.975929649511160505e+03 1.087257524263505672e+02 1.872062985215285607e+03 7.109925569310759386e+01
5.233417085427136684e-01 3.252144601077023708e+03 9.661243749736117081e+01 2.008143997951223810e+03 1.091485810090884314e+02 1.900414342943428437e+03 7.138720988423457925e+01
5.332160804020100731e-01 3.231717322699270881e+03 9.663667601678390895e+01 2.040156029811073950e+03 1.095700820698726403e+02 1.928506573770054956e+03 7.167489207797964923e+01
5.430904522613065888e-01 3.211415170203852540e+03 9.663812159479491015e+01 2.071966972897894721e+03 1.099900792747015998e+02 1.956341914603160149e+03 7.196201772658783113e+01
5.529648241206029935e-01 3.191239631227485916e+03 9.661574912736574561e+01 2.103578070095916246e+03 1.104083883863989684e+02 1.983922625947599954e+03 7.224830374648307441e+01
5.628391959798995092e-01 3.171192116336407707e+03 9.656886115862043596e+01 2.134990578598335560e+03 1.108248205316027679e+02 2.011250990381314296e+03 7.253347163053176416e+01
5.727135678391960250e-01 3.151273960476265984e+03 9.649704995738461832e+01 2.166205769153453730e+03 1.112391850646253602e+02 2.038329311064158901e+03 7.281725017499141472e+01
5.825879396984924297e-01 3.131486424439215625e+03 9.640016321852543513e+01 2.197224925325209824e+03 1.116512920626259131e+02 2.065159910279595806e+03 7.309937784971451435e+01
5.924623115577889454e-01 3.111830696347310095e+03 9.627827312839640683e+01 2.228049342768289080e+03 1.120609544844473220e+02 2.091745128009916243e+03 7.337960483959756175e+01
6.023366834170854611e-01 3.092307893147969025e+03 9.613164852628419510e+01 2.258680328517933049e+03 1.124679900234463190e+02 2.118087320544866088e+03 7.365769478407784732e+01
6.122110552763818658e-01 3.072919062119791306e+03 9.596072990025221827e+01 2.289119200294568600e+03 1.128722226826819792e+02 2.144188859124000828e+03 7.393342624054409384e+01
6.220854271356783816e-01 3.053665182386567267e+03 9.576610696472313577e+01 2.319367285823350358e+03 1.132734840989349294e+02 2.170052128612935121e+03 7.420659389630435498e+01
6.319597989949748973e-01 3.034547166436756015e+03 9.554849858033902876e+01 2.349425922168671605e+03 1.136716146402004171e+02 2.195679526213433746e+03 7.447700955249575827e+01
6.418341708542714130e-01 3.015565861646734902e+03 9.530873479220016975e+01 2.379296455083707315e+03 1.140664642995407121e+02 2.221073460207474454e+03 7.474450290204815417e+01
6.517085427135678177e-01 2.996722051805661977e+03 9.504774077880362881e+01 2.408980238374997953e+03 1.144578934064961686e+02 2.246236348735205866e+03 7.500892212247900659e+01
6.615829145728643335e-01 2.978016458639611301e+03 9.476652252023089318e+01 2.438478633282096325e+03 1.148457731756430036e+02 2.271170618606641710e+03 7.527013430293889940e+01
6.714572864321608492e-01 2.959449743334044797e+03 9.446615401104207876e+01 2.467793007872242470e+03 1.152299861103517173e+02 2.295878704147168719e+03 7.552802572365897049e+01
6.813316582914573649e-01 2.941022508051900786e+03 9.414776585798915676e+01 2.496924736450065211e+03 1.156104262783445478e+02 2.320363046076495266e+03 7.578250200456135133e+01
6.912060301507538806e-01 2.922735297446182358e+03 9.381253511785762100e+01 2.525875198982235361e+03 1.159869994742699504e+02 2.344626090420946639e+03 7.603348813856077015e+01
7.010804020100502854e-01 2.904588600165542630e+03 9.346167624471259217e+01 2.554645780537026894e+03 1.163596232832158819e+02 2.368670287458904568e+03 7.628092842387013661e+01
7.109547738693468011e-01 2.886582850351103843e+03 9.309643302739036130e+01 2.583237870738698348e+03 1.167282270578603800e+02 2.392498090699040858e+03 7.652478630833556394e+01
7.208291457286432058e-01 2.868718429123053738e+03 9.271807141127186469e+01 2.611652863236604389e+03 1.170927518208146552e+02 2.416111955891016805e+03 7.676504415782622459e+01
7.307035175879397215e-01 2.850995666056597202e+03 9.232787310732588537e+01 2.639892155188936613e+03 1.174531501026454521e+02 2.439514340068573802e+03 7.700170295948689159e+01
7.405778894472361262e-01 2.833414840644470132e+03 9.192712990240767112e+01 2.667957146760965315e+03 1.178093857250671590e+02 2.462707700624203426e+03 7.723478196974630805e+01
7.504522613065326420e-01 2.815976183746394781e+03 9.151713859274801166e+01 2.695849240637669027e+03 1.181614335378710052e+02 2.485694494415454756e+03 7.746431831596606798e+01
7.603266331658291577e-01 2.798679879023798094e+03 9.109919647044986846e+01 2.723569841550592173e+03 1.185092791173004372e+02 2.508477176902282736e+03 7.769036655969784988e+01
7.702010050251256734e-01 2.781526064358593885e+03 9.067459730083888303e+01 2.751120355818798998e+03 1.188529184327920518e+02 2.531058201314968755e+03 7.791299822877510906e+01
7.800753768844221891e-01 2.764514833255200756e+03 9.024462773342307287e+01 2.778502190903751853e+03 1.191923574882715542e+02 2.553440017852163692e+03 7.813230132453371368e+01
7.899497487437187049e-01 2.747646236225746634e+03 8.981056409700138943e+01 2.805716754977947858e+03 1.195276119435242208e+02 2.575625072908844686e+03 7.834837980994485918e+01
7.998241206030152206e-01 2.730920282156387657e+03 8.937366953276179515e+01 2.832765456507146155e+03 1.198587067205446033e+02 2.597615808333307086e+03 7.856135308356266478e+01
8.096984924623115143e-01 2.714336939655057449e+03 8.893519142569203950e+01 2.859649703845988824e+03 1.201856755992077979e+02 2.619414660713007834e+03 7.877135544377600240e+01
8.195728643216080300e-01 2.697896138379503100e+03 8.849635909767087583e+01 2.886370904846838130e+03 1.205085608060908129e+02 2.641024060688594091e+03 7.897853554714616564e+01
8.294472361809045458e-01 2.681597770345427307e+03 8.805838173057226470e+01 2.912930466481623171e+03 1.208274125998049868e+02 2.662446432295730574e+03 7.918305586422090414e+01
8.393216080402010615e-01 2.665441691213670765e+03 8.762244649091194049e+01 2.939329794476506777e+03 1.211422888557765276e+02 2.683684192334022555e+03 7.938509213570260670e+01
8.491959798994975772e-01 2.649427721556362940e+03 8.718971683040356879e+01 2.965570292959152994e+03 1.214532546530252262e+02 2.704739749762619340e+03 7.958483283137169906e+01
8.590703517587939819e-01 2.633555648101847510e+03 8.676133094119158784e+01 2.991653364118395075e+03 1.217603818651436711e+02 2.725615505122029845e+03 7.978247861394824270e+01
8.689447236180904977e-01 2.617825224957280170e+03 8.633840034564381938e+01 3.017580407876086610e+03 1.220637487573643227e+02 2.746313849981357180e+03 7.997824180951882056e+01
8.788190954773870134e-01 2.602236174809381737e+03 8.592200860493331049e+01 3.043352821570914784e+03 1.223634395913187660e+02 2.766837166410657574e+03 8.017234588606967804e+01
8.886934673366834181e-01 2.586788190102468889e+03 8.551321013153702211e+01 3.068971999653959301e+03 1.226595442388384214e+02 2.787187826477659200e+03 8.036502494118988693e+01
8.985678391959799338e-01 2.571480934194351448e+03 8.511302909410554207e+01 3.094439333395776885e+03 1.229521578059172811e+02 2.807368191768563975e+03 8.055652319990407761e+01
9.084422110552763385e-01 2.556314042488487303e+03 8.472245840498706571e+01 3.119756210604776243e+03 1.232413802677548631e+02 2.827380612931860924e+03 8.074709452333033255e+01
9.183165829145728543e-01 2.541287123544284441e+03 8.434245878209692648e+01 3.144924015356671589e+03 1.235273161156134307e+02 2.847227429245313488e+03 8.093700192860494269e+01
9.281909547738693700e-01 2.526399760163439623e+03 8.397395787963917257e+01 3.169944127734776885e+03 1.238100740160637514e+02 2.866910968204831534e+03 8.112651712045966690e+01
9.380653266331658857e-01 2.511651510453699302e+03 8.361784948291828812e+01 3.194817923580914339e+03 1.240897664830487344e+02 2.886433545135196709e+03 8.131592003457410556e+01
9.479396984924624014e-01 2.497041908869239705e+03 8.327499276474139833e+01 3.219546774256717072e+03 1.243665095630692718e+02 2.905797462821793033e+03 8.150549839278377817e+01
9.578140703517589172e-01 2.482570467228024427e+03 8.294621160168019003e+01 3.244132046415086734e+03 1.246404225336834628e+02 2.925005011162922983e+03 8.169554727002420691e+01
9.676884422110554329e-01 2.468236675706113601e+03 8.263229395047524406e+01 3.268575101781583726e+03 1.249116276154141758e+02 2.944058466842123380e+03 8.188636867290470889e+01
9.775628140703517266e-01 2.454040003808912843e+03 8.233399128514270160e+01 3.292877296945520357e+03 1.251802496970738474e+02 2.962960093019918986e+03 8.207827112959625993e+01
9.874371859296482423e-01 2.439979901319337387e+03 8.205201809703764582e+01 3.317039983160538213e+03 1.254464160744415722e+02 2.981712139044409469e+03 8.227156929076011238e+01
9.973115577889447581e-01 2.426055799223598115e+03 8.178705146046634411e+01 3.341064506154425089e+03 1.257102562021633645e+02 3.000316840180386862e+03 8.246658354112092582e+01
1.007185929648241274e+00 2.412267110613918248e+03 8.153973066739462183e+01 3.364952205947970015e+03 1.259719014586924715e+02 3.018776417356127695e+03 8.266363962128514231e+01
1.017060301507537678e+00 2.398613231568978335e+03 8.131065693500707425e+01 3.388704416682616284e+03 1.262314849240390515e+02 3.037093076927573748e+03 8.286306825933672826e+01
1.026934673366834305e+00 2.385093542012079070e+03 8.110039319029272065e+01 3.412322466456704205e+03 1.264891411700594119e+02 3.055269010459325273e+03 8.306520481173191683e+01
1.036809045226130710e+00 2.371707406546973743e+03 8.090946393646312629e+01 3.435807677170067109e+03 1.267450060629833786e+02 3.073306394521795937e+03 8.327038891308907864e+01
1.046683417085427337e+00 2.358454175272263001e+03 8.073835520444467306e+01 3.459161364376787787e+03 1.269992165778494808e+02 3.091207390504343039e+03 8.347896413419871919e+01
1.056557788944723519e+00 2.345333184573587005e+03 8.058751459500508929e+01 3.482384837145875281e+03 1.272519106244970999e+02 3.108974144443419846e+03 8.369127764801694980e+01
1.066432160804020146e+00 2.332343757895116141e+03 8.045735141402073509e+01 3.505479397929672359e+03 1.275032268847490258e+02 3.126608786865820548e+03 8.390767990295151435e+01
1.076306532663316551e+00 2.319485206489146094e+03 8.034823690474334512e+01 3.528446342439760429e+03 1.277533046604013833e+02 3.144113432645877765e+03 8.412852430307627571e+01
1.086180904522613178e+00 2.306756830145615822e+03 8.026050457971265928e+01 3.551286959530181321e+03 1.280022837316322750e+02 3.161490180876841350e+03 8.435416689485559516e+01
1.096055276381909582e+00 2.294157917900545272e+03 8.019445065373038517e+01 3.574002531087745410e+03 1.282503042254318188e+02 3.178741114755377566e+03 8.458496605987525641e+01
1.105929648241205987e+00 2.281687748724454195e+03 8.015033457945412465e+01 3.596594331929248256e+03 1.284975064936539866e+02 3.195868301479097681e+03 8.482128221331669238e+01
1.115804020100502614e+00 2.269345592190782554e+03 8.012837968515221121e+01 3.619063629705375206e+03 1.287440310002902777e+02 3.212873792156510262e+03 8.506347750773285554e+01
1.125678391959799018e+00 2.257130709124801797e+03 8.012877391390455273e+01 3.641411684811116174e+03 1.289900182175643977e+02 3.229759621729067021e+03 8.531191554187061854e+01
1.135552763819095645e+00 2.245042352232955636e+03 8.015167066226119630e+01 3.663639750302493212e+03 1.292356085304531064e+02 3.246527808904677386e+03 8.556696107428108178e+01
1.145427135678392050e+00 2.233079766713623940e+03 8.019718971524949325e+01 3.685749071819402616e+03 1.294809421492407466e+02 3.263180356102585847e+03 8.582897974149250331e+01
1.155301507537688455e+00 2.221242190848881819e+03 8.026541827351368852e+01 3.707740887514403767e+03 1.297261590297220550e+02 3.279719249408848100e+03 8.609833778054100151e+01
1.165175879396984859e+00 2.209528856578156592e+03 8.035641206795500580e+01 3.729616427987252791e+03 1.299713988006747911e+02 3.296146458542263190e+03 8.637540175583654900e+01
1.175050251256281486e+00 2.197938990053906764e+03 8.047019655536225002e+01 3.751376916225021887e+03 1.302168006982323902e+02 3.312463936830271905e+03 8.666053829017813825e+01
1.184924623115577891e+00 2.186471812179718654e+03 8.060676818867209192e+01 3.773023567547607399e+03 1.304625035067948602e+02 3.328673621194458519e+03 8.695411380000282975e+01
1.194798994974874518e+00 2.175126539131054869e+03 8.076609575393298712e+01 3.794557589558476138e+03 1.307086455061267998e+02 3.344777432145231614e+03 8.725649423481800682e+01
1.204673366834170922e+00 2.163902382859159388e+03 8.094812176602378884e+01 3.815980182100463026e+03 1.309553644243007966e+02 3.360777273785388388e+03 8.756804482095402875e+01
1.214547738693467549e+00 2.152798551578375282e+03 8.115276391430900560e+01 3.837292537216467281e+03 1.312027973961558303e+02 3.376675033822165460e+03 8.788912980973803712e+01
1.224422110552763732e+00 2.141814250237368014e+03 8.137991654921998474e+01 3.858495839114878891e+03 1.314510809269501692e+02 3.392472583587502413e+03 8.822011223027645599e+01
1.234296482412060358e+00 2.130948680974243871e+03 8.162945220042220740e+01 3.879591264139579380e+03 1.317003508609006985e+02 3.408171778065990111e+03 8.856135364705413338e+01
1.244170854271356763e+00 2.120201043556446166e+03 8.190122311728593729e+01 3.900579980744360000e+03 1.319507423543105915e+02 3.423774455930456952e+03 8.891321392264062240e+01
1.254045226130653390e+00 2.109570535805250984e+03 8.219506282212144299e+01 3.921463149471610905e+03 1.322023898529996870e+02 3.439282439584594613e+03 8.927605098575281772e+01
1.263919597989949795e+00 2.099056354005660523e+03 8.251078766724447178e+01 3.942241922935124421e+03 1.324554270737624790e+02 3.454697535212546882e+03 8.965022060507618562e+01
1.273793969849246199e+00 2.088657693301698146e+03 8.284819838669116621e+01 3.962917445806880096e+03 1.327099869895900213e+02 3.470021532834989557e+03 9.003607616913383538e+01
1.283668341708542826e+00 2.078373748077581695e+03 8.320708163437606686e+01 3.983490854807660071e+03 1.329662018184042438e+02 3.485256206371466760e+03 9.043396847267875671e+01
1.293542713567839231e+00 2.068203712325280776e+03 8.358721150045573722e+01 4.003963278701357467e+03 1.332242030150627272e+02 3.500403313708785845e+03 9.084424550996651249e+01
1.303417085427135635e+00 2.058146779998334750e+03 8.398835099845811669e+01 4.024335838292854532e+03 1.334841212664044576e+02 3.515464596774962047e+03 9.126725227534326734e+01
1.313291457286432262e+00 2.048202145352949628e+03 8.441025351648248432e+01 4.044609646429325039e+03 1.337460864891164647e+02 3.530441781618795176e+03 9.170333057163340129e+01
1.323165829145728667e+00 2.038369003275951172e+03 8.485266422617411308e+01 4.064785808004842238e+03 1.340102278302127559e+02 3.545336578494416244e+03 9.215281882673552616e+01
1.333040201005025294e+00 2.028646549600583057e+03 8.531532144415218966e+01 4.084865419968165043e+03 1.342766736699271064e+02 3.560150681950919534e+03 9.261605191891663935e+01
1.342914572864321698e+00 2.019033981409996613e+03 8.579795794104153117e+01 4.104849571333581480e+03 1.345455516268310134e+02 3.574885770926553505e+03 9.309336101120966589e+01
1.352788944723618103e+00 2.009530497329079481e+03 8.630030219426366500e+01 4.124739343194692992e+03 1.348169885649976152e+02 3.589543508847441899e+03 9.358507339539409031e+01
1.362663316582914730e+00 2.000135297804586116e+03 8.682207958128535097e+01 4.144535808741018627e+03 1.350911106030432336e+02 3.604125543730380741e+03 9.409151234596748736e+01
1.372537688442210912e+00 1.990847585374492610e+03 8.736301351078371624e+01 4.164240033277316797e+03 1.353680431248853324e+02 3.618633508289857218e+03 9.461299698451063023e+01
1.382412060301507761e+00 1.981666564925956891e+03 8.792282648985673177e+01 4.183853074245508651e+03 1.356479107920671652e+02 3.633069020048536913e+03 9.514984215481875651e+01
1.392286432160803944e+00 1.972591443943177183e+03 8.850124112622332007e+01 4.203375981249096185e+03 1.359308375575051855e+02 3.647433681451575012e+03 9.570235830919986597e+01
1.402160804020100571e+00 1.963621432744758522e+03 8.909798106453764888e+01 4.222809796079979606e+03 1.362169466805264051e+02 3.661729079984177133e+03 9.627085140616270564e+01
1.412035175879396975e+00 1.954755744711129637e+03 8.971277185709801927e+01 4.242155552747570255e+03 1.365063607430687682e+02 3.675956788292332931e+03 9.685562281988100608e+01
1.421909547738693602e+00 1.945993596502287346e+03 9.034534176919893866e+01 4.261414277510093598e+03 1.367992016669266775e+02 3.690118364306545118e+03 9.745696926159705242e+01
1.431783919597990007e+00 1.937334208266200221e+03 9.099542252014305177e+01 4.280586988908008607e+03 1.370955907319305993e+02 3.704215351368408847e+03 9.807518271318765812e+01
1.441658291457286412e+00 1.928776803837990656e+03 9.166274996126436747e+01 4.299674697799427122e+03 1.373956485949573221e+02 3.718249278359754044e+03 9.871055037304769542e+01
1.451532663316583038e+00 1.920320610930208886e+03 9.234706469257450578e+01 4.318678407397465890e+03 1.376994953096736936e+02 3.732221659834222464e+03 9.936335461436380001e+01
1.461407035175879443e+00 1.911964861314824020e+03 9.304811262015931561e+01 4.337599113309429413e+03 1.380072503469240814e+02 3.746133996151334486e+03 1.000338729558816482e+02
1.471281407035176070e+00 1.903708790996390690e+03 9.376564545631616454e+01 4.356437803577749946e+03 1.383190326156775143e+02 3.759987773612388082e+03 1.007223780450738815e+02
1.481155778894472252e+00 1.895551640377713284e+03 9.449942116519203239e+01 4.375195458722599142e+03 1.386349604844564567e+02 3.773784464598712020e+03 1.014291376537811544e+02
1.491030150753769101e+00 1.887492654417195808e+03 9.524920435613520908e+01 4.393873051786097676e+03 1.389551518031756530e+02 3.787525527711458835e+03 1.021544146860764926e+02
1.500904522613065284e+00 1.879531082778922155e+03 9.601476662785249516e+01 4.412471548378032821e+03 1.392797239253240491e+02 3.801212407913290008e+03 1.028984671983516819e+02
1.510778894472361911e+00 1.871666179975236901e+03 9.679588686578279066e+01 4.430991906723037573e+03 1.396087937304291131e+02 3.814846536671554531e+03 1.036615484312740136e+02
1.520653266331658315e+00 1.863897205502376210e+03 9.759235149583754776e+01 4.449435077709126745e+03 1.399424776467465961e+02 3.828429332102990884e+03 1.044439068534947808e+02
1.530527638190954720e+00 1.856223423969101987e+03 9.840395469708010978e+01 4.467802004937547281e+03 1.402808916741253711e+02 3.841962199119685010e+03 1.052457862167047296e+02
1.540402010050251347e+00 1.848644105218648974e+03 9.923049857632676662e+01 4.486093624773864576e+03 1.406241514069994025e+02 3.855446529576200646e+03 1.060674256217640590e+02
1.550276381909547752e+00 1.841158524444569593e+03 1.000717933073914452e+02 4.504310866400216582e+03 1.409723720574648667e+02 3.868883702418019766e+03 1.069090595954987180e+02
1.560150753768844378e+00 1.833765962299838293e+03 1.009276572377139445e+02 4.522454651868691144e+03 1.413256684784043955e+02 3.882275083830611948e+03 1.077709181777580625e+02
1.570025125628140783e+00 1.826465705000498701e+03 1.017979169650147355e+02 4.540525896155738337e+03 1.416841551866230873e+02 3.895622027389749292e+03 1.086532270182730286e+02
1.579899497487437410e+00 1.819257044423076195e+03 1.026824073864851385e+02 4.558525507217591439e+03 1.420479463859659859e+02 3.908925874212305644e+03 1.095562074828141590e+02
1.589773869346733814e+00 1.812139278196693567e+03 1.035809717231659874e+02 4.576454386046605578e+03 1.424171559903897446e+02 3.922187953107936664e+03 1.104800767682285141e+02
1.599648241206030441e+00 1.805111709789616043e+03 1.044934615215607892e+02 4.594313426728498598e+03 1.427918976469645145e+02 3.935409580731251026e+03 1.114250480256822158e+02
1.609522613065326624e+00 1.798173648590643552e+03 1.054197366350648650e+02 4.612103516500400474e+03 1.431722847587846559e+02 3.948592061734509116e+03 1.123913304917220870e+02
1.619396984924623029e+00 1.791324409985439843e+03 1.063596651870590648e+02 4.629825535809702160e+03 1.435584305077714191e+02 3.961736688920734650e+03 1.133791296264631256e+02
1.629271356783919655e+00 1.784563315428073111e+03 1.073131235178628202e+02 4.647480358373615672e+03 1.439504478773514222e+02 3.974844743397194634e+03 1.143886472584224663e+02
1.639145728643216060e+00 1.777889692507825430e+03 1.082799961172973440e+02 4.665068851239429932e+03 1.443484496749991308e+02 3.987917494729107602e+03 1.154200817353576696e+02
1.649020100502512687e+00 1.771302875011488823e+03 1.092601755447192176e+02 4.682591874845398706e+03 1.447525485546329662e+02 4.000956201093536492e+03 1.164736280805778250e+02
1.658894472361809092e+00 1.764802202981358960e+03 1.102535623381479013e+02 4.700050283082222450e+03 1.451628570388576804e+02 4.013962109433415208e+03 1.175494781541394360e+02
1.668768844221105718e+00 1.758387022769063606e+03 1.112600649139681082e+02 4.717444923355085848e+03 1.455794875410472002e+02 4.026936455611651581e+03 1.186478208183288103e+02
1.678643216080402123e+00 1.752056687085356316e+03 1.122795994586753494e+02 4.734776636646201041e+03 1.460025523872645863e+02 4.039880464565193961e+03 1.197688421068935014e+02
1.688517587939698528e+00 1.745810555045994533e+03 1.133120898139415260e+02 4.752046257577829238e+03 1.464321638380176580e+02 4.052795350458997746e+03 1.209127253974544374e+02
1.698391959798995154e+00 1.739647992213988118e+03 1.143574673562327177e+02 4.769254614475733433e+03 1.468684341098500283e+02 4.065682316839929626e+03 1.220796515865734193e+02
1.708266331658291337e+00 1.733568370638221495e+03 1.154156708720587687e+02 4.786402529433031305e+03 1.473114753967701347e+02 4.078542556790443996e+03 1.232697992669433233e+02
1.718140703517587964e+00 1.727571068888600166e+03 1.164866464298343516e+02 4.803490818374414630e+03 1.477613998915210516e+02 4.091377253081996969e+03 1.244833449061808039e+02
1.728015075376884369e+00 1.721655472088110855e+03 1.175703472493540289e+02 4.820520291120694310e+03 1.482183198066962291e+02 4.104187578328334894e+03 1.257204630267835910e+02
1.737889447236180995e+00 1.715820971941385551e+03 1.186667335696063930e+02 4.837491751453653706e+03 1.486823473957073531e+02 4.116974695138203970e+03 1.269813263867390560e+02
1.747763819095477400e+00 1.710066966760522519e+03 1.197757725157139106e+02 4.854405997181163912e+03 1.491535949736113196e+02 4.129739756267900702e+03 1.282661061603558608e+02
1.757638190954774027e+00 1.704392861487900518e+03 1.208974379657570353e+02 4.871263820202540956e+03 1.496321749378055586e+02 4.142483904773345785e+03 1.295749721189627621e+02
1.767512562814070431e+00 1.698798067716105152e+03 1.220317104179209906e+02 4.888066006574113999e+03 1.501181997886002364e+02 4.155208274161615918e+03 1.309080928109872275e+02
1.777386934673366836e+00 1.693282003705388206e+03 1.231785768586790937e+02 4.904813336574976347e+03 1.506117821496790441e+02 4.167913988542150946e+03 1.322656357411522947e+02
1.787261306532663463e+00 1.687844094398438074e+03 1.243380306323469284e+02 4.921506584772901988e+03 1.511130347884587479e+02 4.180602162777333433e+03 1.336477675483749294e+02
1.797135678391959868e+00 1.682483771432685899e+03 1.255100713125433600e+02 4.938146520090384001e+03 1.516220706363602915e+02 4.193273902632489808e+03 1.350546541821257449e+02
1.807010050251256494e+00 1.677200473150400967e+03 1.266947045758486610e+02 4.954733905870800299e+03 1.521390028090042392e+02 4.205930304925414021e+03 1.364864610769157309e+02
1.816884422110552677e+00 1.671993644606438920e+03 1.278919420780339493e+02 4.971269499944649397e+03 1.526639446263437208e+02 4.218572457675172700e+03 1.379433533246916852e+02
1.826758793969849526e+00 1.666862737573933373e+03 1.291018013331218981e+02 4.987754054695867126e+03 1.531970096327492001e+02 4.231201440250345513e+03 1.394254958448958348e+02
1.836633165829145709e+00 1.661807210547922978e+03 1.303243055955203999e+02 5.004188317128177005e+03 1.537383116170591961e+02 4.243818323516551573e+03 1.409330535519891612e+02
1.846507537688442335e+00 1.656826528747065367e+03 1.315594837454331412e+02 5.020573028931480621e+03 1.542879646326126135e+02 4.256424169983335560e+03 1.424661915202598834e+02
1.856381909547738740e+00 1.651920164113475721e+03 1.328073701777500446e+02 5.036908926548241652e+03 1.548460830172769249e+02 4.269020033950289871e+03 1.440250751457850811e+02
1.866256281407035145e+00 1.647087595310881170e+03 1.340680046944840740e+02 5.053196741239871699e+03 1.554127814134888297e+02 4.281606961652530117e+03 1.456098703053633017e+02
1.876130653266331771e+00 1.642328307721008059e+03 1.353414324009750942e+02 5.069437199153081565e+03 1.559881747883228229e+02 4.294185991405333880e+03 1.472207435123856669e+02
1.886005025125628176e+00 1.637641793438514242e+03 1.366277036058625640e+02 5.085631021386192515e+03 1.565723784536038465e+02 4.306758153748119184e+03 1.488578620694926542e+02
1.895879396984924803e+00 1.633027551264258136e+03 1.379268737249321077e+02 5.101778924055391144e+03 1.571655080860802229e+02 4.319324471587522567e+03 1.505213942179831861e+02
1.905753768844221208e+00 1.628485086697328825e+03 1.392390031888800195e+02 5.117881618360905122e+03 1.577676797476735260e+02 4.331885960339835947e+03 1.522115092839148076e+02
1.915628140703517834e+00 1.624013911925590492e+03 1.405641573550613543e+02 5.133939810653100722e+03 1.583790099058215901e+02 4.344443628072524916e+03 1.539283778208991009e+02
1.925502512562814017e+00 1.619613545815033149e+03 1.419024064231712714e+02 5.149954202498478480e+03 1.589996154539313977e+02 4.356998475645003964e+03 1.556721717495260293e+02
1.935376884422110866e+00 1.615283513897875309e+03 1.432538253549251408e+02 5.165925490745553361e+03 1.596296137319585000e+02 4.369551496848550414e+03 1.574430644934681709e+02
1.945251256281407048e+00 1.611023348359550482e+03 1.446184937976789797e+02 5.181854367590617585e+03 1.602691225471288021e+02 4.382103678545397088e+03 1.592412311122436677e+02
1.955125628140703453e+00 1.606832588024640017e+03 1.459964960120270234e+02 5.197741520643368858e+03 1.609182601948204479e+02 4.394656000807008240e+03 1.610668484307114738e+02
1.965000000000000080e+00 1.602710778341830519e+03 1.473879208032847714e+02 5.213587632992388535e+03 1.615771454796205546e+02 4.407209437051520581e+03 1.629200951652914853e+02
