# z  DH  sigDH  DM  sigDM  DV  sigDV
0.000000000000000000e+00 4.488896084519630676e+03 2.035465143512979580e+02 0.000000000000000000e+00 0.000000000000000000e+00 0.000000000000000000e+00 0.000000000000000000e+00
1.185929648241206003e-02 4.459955310972999541e+03 1.938271780951773735e+02 5.306354093809699890e+01 2.164354755449866730e+01 5.300627629298494270e+01 1.443389999899154397e+01
2.371859296482412005e-02 4.430976106659093603e+03 1.844705699329797710e+02 1.057836367813425795e+02 2.988304329544713411e+01 1.055540997184237568e+02 1.993269634472327922e+01
3.557788944723618008e-02 4.401967397794133831e+03 1.754680937185232494e+02 1.581598846971958494e+02 3.573998941846434718e+01 1.576424687408379839e+02 2.384090356685327805e+01
4.743718592964824010e-02 4.372937943003932560e+03 1.668111729979538040e+02 2.101919867180085078e+02 4.031021322233251425e+01 2.092705813611383974e+02 2.688766819963719001e+01
5.929648241206029319e-02 4.343896329202902052e+03 1.584912704697479739e+02 2.618797477290841584e+02 4.403250147330887643e+01 2.604378312570536309e+02 2.936470051849819995e+01
7.115577889447236015e-02 4.314850967853582006e+03 1.504999075652699219e+02 3.132230734101225949e+02 4.713935439934758875e+01 3.111438038050063710e+02 3.142652025089369161e+01
8.301507537688442018e-02 4.285810091610665040e+03 1.428286842308333178e+02 3.642219681345839604e+02 4.977340256918239447e+01 3.613882719944596715e+02 3.316795504351693324e+01
9.487437185929648020e-02 4.256781751330189763e+03 1.354692990029740258e+02 4.148765328314191834e+02 5.203054024856723458e+01 4.111711922451962096e+02 3.465283321882832723e+01
1.067336683417085402e-01 4.227773813447032808e+03 1.284135694821965217e+02 4.651869628135152652e+02 5.397941995869831544e+01 4.604927001382380922e+02 3.592694011877445348e+01
1.185929648241205864e-01 4.198793957701707768e+03 1.216534533238559845e+02 5.151535455771107763e+02 5.567148413103682714e+01 5.093531060703959383e+02 3.702467805346910978e+01
1.304522613065326464e-01 4.169849675214965828e+03 1.151810698739575685e+02 5.647766585763150715e+02 5.714662794315314187e+01 5.577528908426467069e+02 3.797282100000897032e+01
1.423115577889447203e-01 4.140948266892294669e+03 1.089887225914531115e+02 6.140567669767501684e+02 5.843662719426600205e+01 6.056927011917596246e+02 3.879278405362295246e+01
1.541708542713567942e-01 4.112096842157459832e+03 1.030689223954013727e+02 6.629944213922210565e+02 5.956733019903809634e+01 6.531733452749687103e+02 3.950207214885981699e+01
1.660301507537688404e-01 4.083302317994515306e+03 9.741441208040666311e+01 7.115902556081975945e+02 6.056012286095986497e+01 7.001957881164064474e+02 4.011524659512436841e+01
1.778894472361808865e-01 4.054571418293941861e+03 9.201819192559518967e+01 7.598449842957371629e+02 6.143294451933913791e+01 7.467611470243708709e+02 4.064459391171979519e+01
1.897487437185929604e-01 4.025910673490294812e+03 8.687354658861038104e+01 8.077594007193823700e+02 6.220101444771512433e+01 7.928706869879027863e+02 4.110060315890054028e+01
2.016080402010050066e-01 3.997326420473833423e+03 8.197407332079787068e+01 8.553343744423857515e+02 6.287736538137159670e+01 8.385258160604154227e+02 4.149231574520297272e+01
2.134673366834170805e-01 3.968824802776797242e+03 7.731371144058157086e+01 9.025708490325151843e+02 6.347324445700932216e+01 8.837280807389693109e+02 4.182758777050009513e+01
2.253266331658291266e-01 3.940411771011753899e+03 7.288677284962496117e+01 9.494698397715628744e+02 6.399842066774132832e+01 9.284791613460475901e+02 4.211329082777746891e+01
2.371859296482411728e-01 3.912093083549287257e+03 6.868797314840709589e+01 9.960324313714723985e+02 6.446142489241145768e+01 9.727808674207600461e+02 4.235546852478572077e+01
2.490452261306532467e-01 3.883874307435760329e+03 6.471246257732235563e+01 1.042259775699926422e+03 6.486974030673360403e+01 1.016635133127235463e+03 4.255946050957671645e+01
2.609045226130652928e-01 3.855760819525308307e+03 6.095585553948811253e+01 1.088153089518087654e+03 6.522995561768892969e+01 1.060044012685619236e+03 4.273000222323912567e+01
2.727638190954773667e-01 3.827757807821035840e+03 5.741425682459208701e+01 1.133713652233005632e+03 6.554788998656779597e+01 1.103009675832223365e+03 4.287130623119895745e+01
2.846231155778894406e-01 3.799870273014819759e+03 5.408428181366739551e+01 1.178942803667107682e+03 6.582869607039090454e+01 1.145534403314725978e+03 4.298712936935331186e+01
2.964824120603015145e-01 3.772103030206213589e+03 5.096306687322770301e+01 1.223841941847011412e+03 6.607694591974399145e+01 1.187620582427045747e+03 4.308082881967701638e+01
3.083417085427135884e-01 3.744460710803602069e+03 4.804826488935317030e+01 1.268412520813803212e+03 6.629670327524448226e+01 1.229270702590385554e+03 4.315540943754033520e+01
3.202010050251256068e-01 3.716947764578673741e+03 4.533801950742830655e+01 1.312656048456773533e+03 6.649158494603955205e+01 1.270487350983435363e+03 4.321356408373105751e+01
3.320603015075376807e-01 3.689568461875804132e+03 4.283091035191815621e+01 1.356574084372433163e+03 6.666481332795135017e+01 1.311273208227343048e+03 4.325770829975038367e+01
3.439195979899497546e-01 3.662326895964135474e+03 4.052586066144051813e+01 1.400168237750579465e+03 6.681926165687069386e+01 1.351631044129507472e+03 4.329001035889019278e+01
3.557788944723617730e-01 3.635226985511269049e+03 3.842199899428961629e+01 1.443440165288976004e+03 6.695749324782975975e+01 1.391563713488678786e+03 4.331241749737656477e+01
3.676381909547738469e-01 3.608272477185611024e+03 3.651846865759259941e+01 1.486391569138133491e+03 6.708179570944652426e+01 1.431074151966877025e+03 4.332667895746594411e+01
3.794974874371859208e-01 3.581466948361599407e+03 3.481418316503942378e+01 1.529024194877559466e+03 6.719421092445172405e+01 1.470165372029443461e+03 4.333436634310080393e+01
3.913567839195979947e-01 3.554813809922932251e+03 3.330753387645795272e+01 1.571339829524673632e+03 6.729656143379853006e+01 1.508840458956563907e+03 4.333689168809817716e+01
4.032160804020100131e-01 3.528316309163715687e+03 3.199606681995486923e+01 1.613340299577549104e+03 6.739047374283813951e+01 1.547102566930199828e+03 4.333552355889279539e+01
4.150753768844220870e-01 3.501977532759570749e+03 3.087615803433974193e+01 1.655027469092471165e+03 6.747739897483111804e+01 1.584954915196157799e+03 4.333140145302417068e+01
4.269346733668341609e-01 3.475800409818711159e+03 2.994272750871420996e+01 1.696403237797206657e+03 6.755863122353545691e+01 1.622400784305925981e+03 4.332554870740018771e+01
4.387939698492461793e-01 3.449787714991540270e+03 2.918903669530106981e+01 1.737469539240805034e+03 6.763532389817842727e+01 1.659443512438285097e+03 4.331888409275479290e+01
4.506532663316582532e-01 3.423942071637192839e+03 2.860660984916944827e+01 1.778228338980613444e+03 6.770850430734446945e+01 1.696086491803176386e+03 4.331223224144802231e+01
4.625125628140703271e-01 3.398265955037025833e+03 2.818530372993802757e+01 1.818681632807124060e+03 6.777908669063198488e+01 1.732333165128859036e+03 4.330633303231577713e+01
4.743718592964823455e-01 3.372761695645499003e+03 2.791352618835023591e+01 1.858831445007150933e+03 6.784788387636170626e+01 1.768187022233087191e+03 4.330185003777680208e+01
4.862311557788944194e-01 3.347431482377203793e+03 2.777857825001984082e+01 1.898679826665778137e+03 6.791561771865193009e+01 1.803651596680203511e+03 4.329937812362484095e+01
4.980904522613064933e-01 3.322277365915103019e+03 2.776707417283901336e+01 1.938228854007410973e+03 6.798292844663978940e+01 1.838730462523468532e+03 4.329945028007309560e+01
5.099497487437185672e-01 3.297301262039308313e+03 2.786538512978468063e+01 1.977480626776186000e+03 6.805038304161296026e+01 1.873427231134083286e+03 4.330254375311780279e+01
5.218090452261305856e-01 3.272504954970558174e+03 2.806005583069676490e+01 2.016437266655942949e+03 6.811848274362778000e+01 1.907745548117357885e+03 4.330908553777534564e+01
5.336683417085426040e-01 3.247890100716113920e+03 2.833815640313293471e+01 2.055100915729863573e+03 6.818766977724672529e+01 1.941689090314955592e+03 4.331945728818467956e+01
5.455276381909547334e-01 3.223458230419386837e+03 2.868754894384185050e+01 2.093473734979812889e+03 6.825833337591836880e+01 1.975261562894446570e+03 4.333399969496942106e+01
5.573869346733667518e-01 3.199210753705328898e+03 2.909706423229807015e+01 2.131557902825376459e+03 6.833081517589013743e+01 2.008466696525520774e+03 4.335301637557261500e+01
5.692462311557788812e-01 3.175148962017758549e+03 2.955659609772144591e+01 2.169355613702528899e+03 6.840541404309777818e+01 2.041308244642792943e+03 4.337677732006604003e+01
5.811055276381910106e-01 3.151274031936416122e+03 3.005712783683339495e+01 2.206869076681754905e+03 6.848239039003163953e+01 2.073789980793104405e+03 4.340552193178265838e+01
5.929648241206030290e-01 3.127587028486879717e+03 3.059070753227511474e+01 2.244100514125470909e+03 6.856197003393604916e+01 2.105915696070458125e+03 4.343946169966558557e+01
6.048241206030150474e-01 3.104088908417473704e+03 3.115038845087677544e+01 2.281052160384501349e+03 6.864434764272398581e+01 2.137689196633286429e+03 4.347878253669485815e+01
6.166834170854271768e-01 3.080780523456386618e+03 3.173014830857304602e+01 2.317726260533301229e+03 6.872968981058097881e+01 2.169114301306842208e+03 4.352364681698449544e+01
6.285427135678391952e-01 3.057662623536640695e+03 3.232479815033622117e+01 2.354125069143611199e+03 6.881813780129277802e+01 2.200194839267935095e+03 4.357419514195321142e+01
6.404020100502512136e-01 3.034735859990239078e+03 3.292988862617796286e+01 2.390250849096182719e+03 6.890980999379372918e+01 2.230934647812051480e+03 4.363054786442785371e+01
6.522613065326632320e-01 3.012000788703065155e+03 3.354161888574208916e+01 2.426105870430142659e+03 6.900480406123699595e+01 2.261337570200503251e+03 4.369280639759626439e+01
6.641206030150753614e-01 2.989457873235128318e+03 3.415675130785709257e+01 2.461692409229575787e+03 6.910319891198939501e+01 2.291407453588210956e+03 4.376105433432000780e+01
6.759798994974873798e-01 2.967107487895610120e+03 3.477253379608411876e+01 2.497012746546833114e+03 6.920505641831616117e+01 2.321148147028960921e+03 4.383535840051548149e+01
6.878391959798995092e-01 2.944949920778140495e+03 3.538663034084527226e+01 2.532069167362084954e+03 6.931042295610603787e+01 2.350563499558771127e+03 4.391576926479758924e+01
6.996984924623114166e-01 2.922985376746506972e+03 3.599705987510429850e+01 2.566863959578562117e+03 6.941933077678406505e+01 2.379657358354061671e+03 4.400232222513045599e+01
7.115577889447235460e-01 2.901213980376944619e+03 3.660214303047066409e+01 2.601399413052962700e+03 6.953179923053403400e+01 2.408433566965339196e+03 4.409503779148634095e+01
7.234170854271355644e-01 2.879635778847844904e+03 3.720045617589895670e+01 2.635677818660426055e+03 6.964783585809391298e+01 2.436895963622982435e+03 4.419392218223152469e+01
7.352763819095476938e-01 2.858250744780957120e+03 3.779079200811408157e+01 2.669701467393501389e+03 6.976743736667357609e+01 2.465048379615162048e+03 4.429896775008372600e+01
7.471356783919597122e-01 2.837058779029205652e+03 3.837212594824249834e+01 2.703472649494486177e+03 6.989059050398290651e+01 2.492894637735406832e+03 4.441015335268217967e+01
7.589949748743718416e-01 2.816059713412266319e+03 3.894358760683928722e+01 2.736993653620520945e+03 7.001727284291048647e+01 2.520438550798932283e+03 4.452744468039534098e+01
7.708542713567839710e-01 2.795253313397235615e+03 3.950443664546243383e+01 2.770266766040798757e+03 7.014745348806501113e+01 2.547683920225698330e+03 4.465079455358817029e+01
7.827135678391959894e-01 2.774639280725546541e+03 4.005404241569228674e+01 2.803294269865245042e+03 7.028109371418804585e+01 2.574634534689203974e+03 4.478014319949820532e+01
7.945728643216080078e-01 2.754217255982318875e+03 4.059186682855522577e+01 2.836078444304015193e+03 7.041814754532306608e+01 2.601294168828505917e+03 4.491541851776202066e+01
8.064321608040200262e-01 2.733986821111715471e+03 4.111744997607510754e+01 2.868621563957135550e+03 7.055856228261542640e+01 2.627666582023093724e+03 4.505653634256245255e+01
8.182914572864321556e-01 2.713947501874358750e+03 4.163039808488802862e+01 2.900925898133636110e+03 7.070227898768723662e+01 2.653755517227970813e+03 4.520340070771812435e+01
8.301507537688441740e-01 2.694098770248122946e+03 4.213037344604341428e+01 2.932993710199487850e+03 7.084923292768964131e+01 2.679564699867798936e+03 4.535590412051627140e+01
8.420100502512563034e-01 2.674440046771748257e+03 4.261708600807384784e+01 2.964827256953676169e+03 7.099935398736676007e+01 2.705097836788403583e+03 4.551392784826176552e+01
8.538693467336683218e-01 2.654970702832523784e+03 4.309028637388216509e+01 2.996428788031731528e+03 7.115256705277010951e+01 2.730358615264466152e+03 4.567734222130786037e+01
8.657286432160804512e-01 2.635690062895420851e+03 4.354975997511054686e+01 3.027800545336047890e+03 7.130879237064262099e+01 2.755350702060949970e+03 4.584600695484396482e+01
8.775879396984923586e-01 2.616597406675502498e+03 4.399532223327184965e+01 3.058944762492297741e+03 7.146794588691956562e+01 2.780077742547199705e+03 4.601977149102851428e+01
8.894472361809044880e-01 2.597691971255073440e+03 4.442681454897176252e+01 3.089863664331282962e+03 7.162993956729678757e+01 2.804543359862612760e+03 4.619847536266084376e+01
9.013065326633165064e-01 2.578972953142625556e+03 4.484410097990133437e+01 3.120559466395550771e+03 7.179468170236467017e+01 2.828751154131187832e+03 4.638194857827760842e+01
9.131658291457286358e-01 2.560439510276908550e+03 4.524706549466979766e+01 3.151034374470099010e+03 7.196207719940407799e+01 2.852704701724436745e+03 4.657001202857973965e+01
9.250251256281406542e-01 2.542090763975534628e+03 4.563560970439863240e+01 3.181290584136520465e+03 7.213202786259029153e+01 2.876407554570785578e+03 4.676247791321386416e+01
9.368844221105527836e-01 2.523925800827044895e+03 4.600965099120703883e+01 3.211330280349922759e+03 7.230443266303998939e+01 2.899863239509366394e+03 4.695915018673417052e+01
9.487437185929646910e-01 2.505943674530986300e+03 4.636912096411527529e+01 3.241155637037975339e+03 7.247918799986402405e+01 2.923075257688186866e+03 4.715982502203231519e+01
9.606030150753768204e-01 2.488143407681469853e+03 4.671396418518659743e+01 3.270768816721446001e+03 7.265618795315265288e+01 2.946047084003304008e+03 4.736429128937402311e+01
9.724623115577888388e-01 2.470523993499823519e+03 4.704413711788145491e+01 3.300171970155586223e+03 7.283532452961789261e+01 2.968782166579417208e+03 4.757233104899474796e+01
9.843216080402009682e-01 2.453084397513343447e+03 4.735960725665155735e+01 3.329367235991745019e+03 7.301648790144420786e+01 2.991283926289059764e+03 4.778372005489860896e+01
9.961809045226129866e-01 2.435823559183144880e+03 4.766035240479035906e+01 3.358356740458588320e+03 7.319956663875120739e+01 3.013555756309864591e+03 4.799822826762922290e+01
1.008040201005025116e+00 2.418740393480094554e+03 4.794636007135355982e+01 3.387142597062319965e+03 7.338444793594820226e+01 3.035601021717816820e+03 4.821562037343196749e+01
1.019899497487437134e+00 2.401833792412594448e+03 4.821762696536429615e+01 3.415726906305301782e+03 7.357101783216013757e+01 3.057423059116370041e+03 4.843565630767255215e+01
1.031758793969849153e+00 2.385102626502690782e+03 4.847415856676489909e+01 3.444111755422487931e+03 7.375916142582285318e+01 3.079025176298310271e+03 4.865809177994562162e+01
1.043618090452261171e+00 2.368545746215838790e+03 4.871596875860003450e+01 3.472299218135090086e+03 7.394876308347731708e+01 3.100410651940934713e+03 4.888267879866855026e+01
1.055477386934673412e+00 2.352161983342328767e+03 4.894307950796680728e+01 3.500291354420912739e+03 7.413970664274459921e+01 3.121582735332098764e+03 4.910916619309137587e+01
1.067336683417085208e+00 2.335950152332374273e+03 4.915552058405619817e+01 3.528090210300792023e+03 7.433187560942516825e+01 3.142544646126349107e+03 4.933730013049648022e+01
1.079195979899497448e+00 2.319909051585061661e+03 4.935332930522203299e+01 3.555697817640604171e+03 7.452515334863677765e+01 3.163299574129649500e+03 4.956682462678536183e+01
1.091055276381909467e+00 2.304037464694038135e+03 4.953655030845314400e+01 3.583116193968289281e+03 7.471942326989278627e+01 3.183850679112371381e+03 4.979748204879208373e+01
1.102914572864321485e+00 2.288334161647805558e+03 4.970523533491422086e+01 3.610347342305391066e+03 7.491456900601247071e+01 3.204201090648065019e+03 5.002901360658877650e+01
1.114773869346733504e+00 2.272797899988478548e+03 4.985944302766782243e+01 3.637393251012581004e+03 7.511047458575137625e+01 3.224353907978185816e+03 5.026115983448934088e+01
1.126633165829145744e+00 2.257427425928686716e+03 4.999923873822263687e+01 3.664255893648673009e+03 7.530702460004724230e+01 3.244312199901145505e+03 5.049366105954425876e+01
1.138492462311557762e+00 2.242221475426480538e+03 5.012469433897689441e+01 3.690937228842638433e+03 7.550410436178357543e+01 3.264079004684094343e+03 5.072625785641060503e+01
1.150351758793969781e+00 2.227178775222354943e+03 5.023588803985592932e+01 3.717439200178143892e+03 7.570160005898542011e+01 3.283657329997921806e+03 5.095869148778607638e+01
1.162211055276382021e+00 2.212298043835397948e+03 5.033290420784604180e+01 3.743763736090145358e+03 7.589939890137907241e+01 3.303050152872589479e+03 5.119070432972364415e+01
1.174070351758793818e+00 2.197577992523396006e+03 5.041583318837061967e+01 3.769912749773076030e+03 7.609738926026362549e+01 3.322260419673700198e+03 5.142204028127873983e+01
1.185929648241206058e+00 2.183017326204264009e+03 5.048477112760558327e+01 3.795888139100205535e+03 7.629546080166075228e+01 3.341291046097638173e+03 5.165244515801989422e+01
1.197788944723618076e+00 2.168614744343078200e+03 5.053981979640642663e+01 3.821691786553702059e+03 7.649350461273053270e+01 3.360144917185979921e+03 5.188166706941537143e+01
1.209648241206030095e+00 2.154368941802960762e+03 5.058108641460754740e+01 3.847325559165019968e+03 7.669141332146104162e+01 3.378824887357000534e+03 5.210945677970502032e+01
1.221507537688442113e+00 2.140278609662280815e+03 5.060868347676765922e+01 3.872791308465165457e+03 7.688908120965857051e+01 3.397333780454155658e+03 5.233556805252592170e+01
1.233366834170854354e+00 2.126342435998516976e+03 5.062272857934600978e+01 3.898090870444460961e+03 7.708640431928797909e+01 3.415674389810428693e+03 5.255975797937426108e+01
1.245226130653266150e+00 2.112559106640947448e+03 5.062334424928335608e+01 3.923226065521418150e+03 7.728328055222904425e+01 3.433849478328424993e+03 5.278178729204657316e+01
1.257085427135678390e+00 2.098927305889559193e+03 5.061065777534528110e+01 3.948198698520342987e+03 7.747960976353576257e+01 3.451861778573555966e+03 5.300142065964729454e+01
1.268944723618090409e+00 2.085445717206467179e+03 5.058480104201962035e+01 3.973010558657294496e+03 7.767529384830243089e+01 3.469713992882436742e+03 5.321842697041255121e+01
1.280804020100502427e+00 2.072113023875892395e+03 5.054591036689763683e+01 3.997663419534063905e+03 7.787023682225672871e+01 3.487408793483232785e+03 5.343257959895259290e+01
1.292663316582914668e+00 2.058927909635870947e+03 5.049412634193583216e+01 4.022159039139812194e+03 7.806434489621423722e+01 3.504948822628444759e+03 5.364365665943772399e+01
1.304522613065326464e+00 2.045889059282570088e+03 5.042959367971806728e+01 4.046499159860031341e+03 7.825752654454464619e+01 3.522336692739511363e+03 5.385144124551648304e+01
1.316381909547738482e+00 2.032995159246898083e+03 5.035246106467356242e+01 4.070685508492517783e+03 7.844969256781131151e+01 3.539574986561930473e+03 5.405572165745447677e+01
1.328241206030150723e+00 2.020244898146425840e+03 5.026288101034545974e+01 4.094719796270026563e+03 7.864075614975558892e+01 3.556666257331512497e+03 5.425629161736189587e+01
1.340100502512562741e+00 2.007636967309402962e+03 5.016100972339241082e+01 4.118603718889312404e+03 7.883063290880964757e+01 3.573613028948862393e+03 5.445295047329290838e+01
1.351959798994974760e+00 1.995170061277444802e+03 5.004700697464010517e+01 4.142338956546259396e+03 7.901924094432794732e+01 3.590417796164836545e+03 5.464550339292105718e+01
1.363819095477386778e+00 1.982842878282032643e+03 4.992103597815184202e+01 4.165927173976812810e+03 7.920650087773491066e+01 3.607083024773165107e+03 5.483376154771315214e+01
1.375678391959799018e+00 1.970654120698773795e+03 4.978326327856529332e+01 4.189370020503432897e+03 7.939233588879176295e+01 3.623611151811519903e+03 5.501754228832198379e+01
1.387537688442211037e+00 1.958602495480295829e+03 4.963385864781437817e+01 4.212669130086806035e+03 7.957667174719014724e+01 3.640004585770637277e+03 5.519666931221530604e+01
1.399396984924622833e+00 1.946686714566118781e+03 4.947299499140110868e+01 4.235826121382558995e+03 7.975943683968401388e+01 3.656265706809543190e+03 5.537097282425468592e+01
1.411256281407035074e+00 1.934905495273028919e+03 4.930084826505142104e+01 4.258842597802710770e+03 7.994056219297183929e+01 3.672396866978097478e+03 5.554028969116749437e+01
1.423115577889447092e+00 1.923257560664939319e+03 4.911759740226292337e+01 4.281720147581639139e+03 8.011998149254345947e+01 3.688400390445370249e+03 5.570446359074658460e+01
1.434974874371859332e+00 1.911741639902778161e+03 4.892342425336773459e+01 4.304460343846312753e+03 8.029763109770514973e+01 3.704278573733295616e+03 5.586334515665122069e+01
1.446834170854271129e+00 1.900356468577339228e+03 4.871851353708116505e+01 4.327064744690565931e+03 8.047345005299712284e+01 3.720033685956628688e+03 5.601679211980925288e+01
1.458693467336683369e+00 1.889100789021537366e+03 4.850305280442898948e+01 4.349534893253213340e+03 8.064738009621508752e+01 3.735667969066115347e+03 5.616466944701956976e+01
1.470552763819095388e+00 1.877973350608133160e+03 4.827723241621129802e+01 4.371872317799760822e+03 8.081936566324382909e+01 3.751183638097959829e+03 5.630684947779916882e+01
1.482412060301507628e+00 1.866972910027963280e+03 4.804124553485777227e+01 4.394078531807553190e+03 8.098935388991088757e+01 3.766582881425634241e+03 5.644321206040739725e+01
1.494271356783919424e+00 1.856098231554052290e+03 4.779528813071696192e+01 4.416155034054119824e+03 8.115729461106290898e+01 3.781867861016752158e+03 5.657364468765747745e+01
1.506130653266331443e+00 1.845348087288660508e+03 4.753955900389694023e+01 4.438103308708564327e+03 8.132314035706269806e+01 3.797040712692372381e+03 5.669804263350435747e+01
1.517989949748743683e+00 1.834721257396590090e+03 4.727425982254278836e+01 4.459924825425793642e+03 8.148684634790207326e+01 3.812103546390213978e+03 5.681630909130188201e+01
1.529849246231155702e+00 1.824216530322476956e+03 4.699959517767463524e+01 4.481621039443423797e+03 8.164837048511921580e+01 3.827058446429582546e+03 5.692835531429616935e+01
1.541708542713567942e+00 1.813832702995665841e+03 4.671577265640763699e+01 4.503193391681190406e+03 8.180767334170526794e+01 3.841907471779776643e+03 5.703410075956528402e+01
1.553567839195979738e+00 1.803568581020487045e+03 4.642300293328792549e+01 4.524643308842692932e+03 8.196471815017838480e+01 3.856652656329830734e+03 5.713347323576151382e+01
1.565427135678391979e+00 1.793422978854648136e+03 4.612149988162630621e+01 4.545972203519339928e+03 8.211947078899802932e+01 3.871296009160875201e+03 5.722640905583696735e+01
1.577286432160803997e+00 1.783394719974092141e+03 4.581148070517633641e+01 4.567181474296314263e+03 8.227189976748651645e+01 3.885839514819310807e+03 5.731285319528569033e+01
1.589145728643216016e+00 1.773482637026930206e+03 4.549316609152654678e+01 4.588272505860441015e+03 8.242197620941861658e+01 3.900285133592089096e+03 5.739275945681295354e+01
1.601005025125628034e+00 1.763685571975560379e+03 4.516678038824185393e+01 4.609246669109802497e+03 8.256967383543394590e+01 3.914634801782884097e+03 5.746609064216887219e+01
1.612864321608040052e+00 1.754002376227262175e+03 4.483255180276859875e+01 4.630105321264974918e+03 8.271496894442034886e+01 3.928890431988804721e+03 5.753281873182908868e+01
1.624723618090452293e+00 1.744431910755335593e+03 4.449071262771703061e+01 4.650849805981756617e+03 8.285784039401058010e+01 3.943053913378634206e+03 5.759292507341579181e+01
1.636582914572864311e+00 1.734973046208900541e+03 4.414149949256784566e+01 4.671481453465263257e+03 8.299826958032841162e+01 3.957127111970687565e+03 5.764640057946247254e+01
1.648442211055276108e+00 1.725624663014023326e+03 4.378515364331927628e+01 4.692001580585278134e+03 8.313624041711359780e+01 3.971111870911770438e+03 5.769324593527151990e+01
1.660301507537688348e+00 1.716385651464531293e+03 4.342192125178625872e+01 4.712411490992739346e+03 8.327173931434933252e+01 3.985010010755529947e+03 5.773347181764708580e+01
1.672160804020100366e+00 1.707254911804757739e+03 4.305205375585191518e+01 4.732712475237251056e+03 8.340475515650972227e+01 3.998823329741408543e+03 5.776709912504187372e+01
1.684020100502512607e+00 1.698231354303236458e+03 4.267580823284096425e+01 4.752905810885529718e+03 8.353527928053858886e+01 4.012553604073038514e+03 5.779415921998005956e+01
1.695879396984924403e+00 1.689313899318227868e+03 4.229344780731517517e+01 4.772992762640672481e+03 8.366330545366541571e+01 4.026202588196284978e+03 5.781469418416088502e+01
1.707738693467336644e+00 1.680501477355684074e+03 4.190524209579735526e+01 4.792974582462155922e+03 8.378882985115771476e+01 4.039772015077008291e+03 5.782875708712044371e+01
1.719597989949748662e+00 1.671793029119310404e+03 4.151146768987003099e+01 4.812852509686480516e+03 8.391185103410442991e+01 4.053263596477866486e+03 5.783641226877423236e+01
1.731457286432160902e+00 1.663187505553650226e+03 4.111240868031246976e+01 4.832627771148360807e+03 8.403236992731879695e+01 4.066679023234492888e+03 5.783773563664328776e+01
1.743316582914572699e+00 1.654683867880614571e+03 4.070835722390292943e+01 4.852301581302393060e+03 8.415038979744366543e+01 4.080019965531022081e+03 5.783281497801051785e+01
1.755175879396984717e+00 1.646281087628556179e+03 4.029961415556200421e+01 4.871875142345110362e+03 8.426591623133742814e+01 4.093288073173864177e+03 5.782175028766211256e+01
1.767035175879396958e+00 1.637978146656382478e+03 3.988648964788273332e+01 4.891349644337353311e+03 8.437895711481338878e+01 4.106484975865398155e+03 5.780465411149975807e+01
1.778894472361808976e+00 1.629774037170322572e+03 3.946930392052053094e+01 4.910726265326878092e+03 8.448952261180089351e+01 4.119612283475303229e+03 5.778165190643822768e+01
1.790753768844220994e+00 1.621667761736196553e+03 3.904838800120288766e+01 4.930006171471147354e+03 8.459762514399096744e+01 4.132671586311552346e+03 5.775288241659395538e+01
1.802613065326633013e+00 1.613658333285395429e+03 3.862408454137398905e+01 4.949190517160220224e+03 8.470327937102506155e+01 4.145664455389262002e+03 5.771849806632052093e+01
1.814472361809045253e+00 1.605744775116234450e+03 3.819674868755458164e+01 4.968280445139687799e+03 8.480650217128159341e+01 4.158592442698476589e+03 5.767866536967439117e+01
1.826331658291457272e+00 1.597926120890086167e+03 3.776674901115852379e+01 4.987277086633594990e+03 8.490731262330959339e+01 4.171457081470128287e+03 5.763356535668108194e+01
1.838190954773869068e+00 1.590201414622861648e+03 3.733446849725108763e+01 5.006181561467289612e+03 8.500573198795530061e+01 4.184259886440343507e+03 5.758339401568098737e+01
1.850050251256281308e+00 1.582569710672234123e+03 3.690030559452144843e+01 5.024994978190145048e+03 8.510178369122318998e+01 4.197002354113185902e+03 5.752836275196216320e+01
1.861909547738693327e+00 1.575030073720472956e+03 3.646467532587330851e+01 5.043718434198101932e+03 8.519549330790962927e+01 4.209685963021464886e+03 5.746869886156990503e+01
1.873768844221105567e+00 1.567581578753394979e+03 3.602801046025840748e+01 5.062353015855986996e+03 8.528688854604293113e+01 4.222312173985789741e+03 5.740464601994339944e+01
1.885628140703517364e+00 1.560223311035130791e+03 3.559076274392918293e+01 5.080899798619557259e+03 8.537599923215975650e+01 4.234882430371387272e+03 5.733646478404527613e+01
1.897487437185929382e+00 1.552954366079868123e+03 3.515340418974486880e+01 5.099359847157224067e+03 8.546285729744568016e+01 4.247398158343458817e+03 5.726443310720950564e+01
1.909346733668341622e+00 1.545773849619869225e+03 3.471642841959110370e+01 5.117734215471423340e+03 8.554749676476302511e+01 4.259860767120258970e+03 5.718884686457060695e+01
1.921206030150753641e+00 1.538680877570145185e+03 3.428035205550762043e+01 5.136023947019585648e+03 8.562995373658594644e+01 4.272271649224009707e+03 5.711002038778203627e+01
1.933065326633165881e+00 1.531674575990153471e+03 3.384571615126272803e+01 5.154230074834666993e+03 8.571026638386049967e+01 4.284632180729789070e+03 5.702828700651166116e+01
1.944924623115577678e+00 1.524754081043027782e+03 3.341308765443220352e+01 5.172353621645215753e+03 8.578847493580327921e+01 4.296943721512668162e+03 5.694399959425947344e+01
1.956783919597989918e+00 1.517918538951554410e+03 3.298306088577709971e+01 5.190395599994932127e+03 8.586462167065023721e+01 4.309207615492195146e+03 5.685753111550329209e+01
1.968643216080401936e+00 1.511167105951480835e+03 3.255625901895970031e+01 5.208357012361694615e+03 8.593875090736322875e+01 4.321425190874576401e+03 5.676927517061396600e+01
1.980502512562814177e+00 1.504498948243361610e+03 3.213333554023861183e+01 5.226238851276016248e+03 8.601090899830025194e+01 4.333597760393524368e+03 5.667964653486066595e+01
1.992361809045225973e+00 1.497913241940925445e+03 3.171497566203311536e+01 5.244042099438916921e+03 8.608114432285194084e+01 4.345726621547722971e+03 5.658908168675456807e+01
2.004221105527637992e+00 1.491409173018120327e+03 3.130189765990869688e+01 5.261767729839177264e+03 8.614950728204425445e+01 4.357813056836775104e+03 5.649803932092978442e+01
2.016080402010050232e+00 1.484985937254326927e+03 3.089485409612228395e+01 5.279416705869938596e+03 8.621605029410474685e+01 4.369858333995030989e+03 5.640700083990770253e+01
2.027939698492462473e+00 1.478642740176681627e+03 3.049463288638329317e+01 5.296989981444654404e+03 8.628082779098747324e+01 4.381863706222116889e+03 5.631647081845751757e+01
2.039798994974874269e+00 1.472378797001907515e+03 3.010205815997190015e+01 5.314488501112346057e+03 8.634389621584855945e+01 4.393830412412359692e+03 5.622697743383903912e+01
2.051658291457286509e+00 1.466193332575694512e+03 2.971799085582061295e+01 5.331913200172152756e+03 8.640531402146247331e+01 4.405759677381073743e+03 5.613907285437223749e+01
2.063517587939698306e+00 1.460085581311062924e+03 2.934332899013640272e+01 5.349265004787160251e+03 8.646514166956647784e+01 4.417652712088995031e+03 5.605333357823060680e+01
2.075376884422110546e+00 1.454054787124955055e+03 2.897900752410118130e+01 5.366544832097484687e+03 8.652344163111797570e+01 4.429510713864005083e+03 5.597036071363861254e+01
2.087236180904522342e+00 1.448100203373935074e+03 2.862599775451606732e+01 5.383753590332602471e+03 8.658027838744767735e+01 4.441334866620902176e+03 5.589078019128907471e+01
2.099095477386934583e+00 1.442221092788382293e+03 2.828530614461680770e+01 5.400892178922912535e+03 8.663571843228862690e+01 4.453126341078517726e+03 5.581524289877409473e+01
2.110954773869346823e+00 1.436416727405930033e+03 2.795797251052257337e+01 5.417961488610496417e+03 8.668983027465881719e+01 4.464886294974810880e+03 5.574442472684427941e+01
2.122814070351758620e+00 1.430686388503528633e+03 2.764506747821599220e+01 5.434962401559105274e+03 8.674268444257299393e+01 4.476615873279259176e+03 5.567902651653623280e+01
2.134673366834170416e+00 1.425029366528919127e+03 2.734768912996398527e+01 5.451895791463316527e+03 8.679435348755684743e+01 4.488316208403208293e+03 5.561977389599017840e+01
2.146532663316582656e+00 1.419444961031261755e+03 2.706695876786432819e+01 5.468762523656889243e+03 8.684491198993426053e+01 4.499988420407888952e+03 5.556741699574258320e+01
2.158391959798994897e+00 1.413932480590884779e+03 2.680401573579527152e+01 5.485563455220277319e+03 8.689443656485570955e+01 4.511633617209942713e+03 5.552273003100356874e+01
2.170251256281407137e+00 1.408491242748386185e+03 2.656001126222438202e+01 5.502299435087315032e+03 8.694300586903430883e+01 4.523252894784653108e+03 5.548651074003378625e+01
2.182110552763818934e+00 1.403120573933415017e+03 2.633610131265231047e+01 5.518971304151055847e+03 8.699070060815262195e+01 4.534847337367140426e+03 5.545957966766440705e+01
2.193969849246231174e+00 1.397819809392600519e+03 2.613343847554842014e+01 5.535579895368768121e+03 8.703760354490178486e+01 4.546418017650905313e+03 5.544277928421615798e+01
2.205829145728642970e+00 1.392588293117334842e+03 2.595316294529599332e+01 5.552126033866063153e+03 8.708379950761158739e+01 4.557965996984397862e+03 5.543697293060483133e+01
2.217688442211055211e+00 1.387425377770872046e+03 2.579639271177894244e+01 5.568610537040174677e+03 8.712937539942774379e+01 4.569492325564981911e+03 5.544304358196099969e+01
2.229547738693467007e+00 1.382330424615462789e+03 2.566421311510264403e+01 5.585034214662364320e+03 8.717442020799047953e+01 4.580998042631026692e+03 5.546189242374907025e+01
2.241407035175879248e+00 1.377302803438946739e+03 2.555766597257929007e+01 5.601397868979471241e+03 8.721902501556559173e+01 4.592484176651437338e+03 5.549443723602924905e+01
2.253266331658291488e+00 1.372341892481377499e+03 2.547773853208015638e+01 5.617702294814576817e+03 8.726328300957715101e+01 4.603951745513201786e+03 5.554161058433685128e+01
2.265125628140703284e+00 1.367447078361266449e+03 2.542535254362222474e+01 5.633948279666809867e+03 8.730728949348844026e+01 4.615401756706474771e+03 5.560435781762649299e+01
2.276984924623115525e+00 1.362617756001892985e+03 2.540135377012953910e+01 5.650136603810269662e+03 8.735114189797467077e+01 4.626835207507630003e+03 5.568363487742241347e+01
2.288844221105527321e+00 1.357853328557574287e+03 2.540650227000962502e+01 5.666268040392079456e+03 8.739493979232916843e+01 4.638253085160137744e+03 5.578040592489625737e+01
2.300703517587939562e+00 1.353153207339897563e+03 2.544146378019017973e+01 5.682343355529561450e+03 8.743878489604232129e+01 4.649656367053235044e+03 5.589564079661310103e+01
2.312562814070351802e+00 1.348516811743960716e+03 2.550680250307014774e+01 5.698363308406541364e+03 8.748278109048914075e+01 4.661046020898411371e+03 5.603031230282388719e+01
2.324422110552764043e+00 1.343943569174792628e+03 2.560297555800692493e+01 5.714328651368773535e+03 8.752703443065996680e+01 4.672423004903859692e+03 5.618539338634009539e+01
2.336281407035175839e+00 1.339432914973842799e+03 2.573032929631083832e+01 5.730240130018498348e+03 8.757165315686548013e+01 4.683788267946766609e+03 5.636185416325039199e+01
2.348140703517587635e+00 1.334984292345626272e+03 2.588909760509280034e+01 5.746098483308132018e+03 8.761674770634532194e+01 4.695142749743489730e+03 5.656065887073184228e+01
2.359999999999999876e+00 1.330597152284571393e+03 2.607940224193290035e+01 5.761904443633075061e+03 8.766243072470672359e+01 4.706487381017673215e+03 5.678276275005215012e+01
