0.000000000000000000e+00 6.678534150831910665e+01 3.028344434316334599e+00
1.185929648241206003e-02 6.721871343921520747e+01 2.921287912696382438e+00
2.371859296482412005e-02 6.765833323936385568e+01 2.816754365843654462e+00
3.557788944723618008e-02 6.810419771628221497e+01 2.714721093457838297e+00
4.743718592964824010e-02 6.855630285804181767e+01 2.615165695284746850e+00
5.929648241206029319e-02 6.901464383129314228e+01 2.518066213575117729e+00
7.115577889447236015e-02 6.947921497949937475e+01 2.423401297061206883e+00
8.301507537688442018e-02 6.995000982120836852e+01 2.331150389573691140e+00
9.487437185929648020e-02 7.042702104854652134e+01 2.241293946849153507e+00
1.067336683417085402e-01 7.091024052575085079e+01 2.153813685535959976e+00
1.185929648241205864e-01 7.139965928790115868e+01 2.068692868957628939e+00
1.304522613065326464e-01 7.189526753972131701e+01 1.985916634674032899e+00
1.423115577889447203e-01 7.239705465458246181e+01 1.905472369522791531e+00
1.541708542713567942e-01 7.290500917354620469e+01 1.827350138184446138e+00
1.660301507537688404e-01 7.341911880461520923e+01 1.751543171881971617e+00
1.778894472361808865e-01 7.393937042207653576e+01 1.678048423973541148e+00
1.897487437185929604e-01 7.446575006595776358e+01 1.606867199068368279e+00
2.016080402010050066e-01 7.499824294170684880e+01 1.538005861704366373e+00
2.134673366834170805e-01 7.553683341987016320e+01 1.471476629069927267e+00
2.253266331658291266e-01 7.608150503596334602e+01 1.407298449468903589e+00
2.371859296482411728e-01 7.663224049055861542e+01 1.345497963545950748e+00
2.490452261306532467e-01 7.718902164934661414e+01 1.286110537949247679e+00
2.609045226130652928e-01 7.775182954343836172e+01 1.229181350041368859e+00
2.727638190954773667e-01 7.832064436977998412e+01 1.174766486355589112e+00
2.846231155778894406e-01 7.889544549165475473e+01 1.122933995428230025e+00
2.964824120603015145e-01 7.947621143943433708e+01 1.073764805993979499e+00
3.083417085427135884e-01 8.006291991127909569e+01 1.027353384323966612e+00
3.202010050251256068e-01 8.065554777415127319e+01 9.838079601802771634e-01
3.320603015075376807e-01 8.125407106488091813e+01 9.432501034928483241e-01
3.439195979899497546e-01 8.185846499130639131e+01 9.058133914405155362e-01
3.557788944723617730e-01 8.246870393372046237e+01 8.716408830124626750e-01
3.676381909547738469e-01 8.308476144624000881e+01 8.408811352197660405e-01
3.794974874371859208e-01 8.370661025844310643e+01 8.136825785856112159e-01
3.913567839195979947e-01 8.433422227717164787e+01 7.901862419912585311e-01
4.032160804020100131e-01 8.496756858827575343e+01 7.705170862994256131e-01
4.150753768844220870e-01 8.560661945873835066e+01 7.547745485136608812e-01
4.269346733668341609e-01 8.625134433873790840e+01 7.430232453795616587e-01
4.387939698492461793e-01 8.690171186395309633e+01 7.352850279622575869e-01
4.506532663316582532e-01 8.755768985795111803e+01 7.315336009359897362e-01
4.625125628140703271e-01 8.821924533470883034e+01 7.316926507471058772e-01
4.743718592964823455e-01 8.888634450131939957e+01 7.356378923028080719e-01
4.862311557788944194e-01 8.955895276072988054e+01 7.432027781154226798e-01
4.980904522613064933e-01 9.023703471471708326e+01 7.541870109241886055e-01
5.099497487437185672e-01 9.092055416695075110e+01 7.683666297778916077e-01
5.218090452261305856e-01 9.160947412612767948e+01 7.855043747742898042e-01
5.336683417085426040e-01 9.230375680935139826e+01 8.053592381353721352e-01
5.455276381909547334e-01 9.300336364557006164e+01 8.276944684271863029e-01
5.573869346733667518e-01 9.370825527914348640e+01 8.522836827163797757e-01
5.692462311557788812e-01 9.441839157350477763e+01 8.789150673929793101e-01
5.811055276381910106e-01 9.513373161514027743e+01 9.073938679316243539e-01
5.929648241206030290e-01 9.585423371737124398e+01 9.375434808594483860e-01
6.048241206030150474e-01 9.657985542457936390e+01 9.692054904893039335e-01
6.166834170854271768e-01 9.731055351637223794e+01 1.002238968844070710e+00
6.285427135678391952e-01 9.804628401195077458e+01 1.036519305851686834e+00
6.404020100502512136e-01 9.878700217453661026e+01 1.071936777829472831e+00
6.522613065326632320e-01 9.953266251603054116e+01 1.108395006175745490e+00
6.641206030150753614e-01 1.002832188016654982e+02 1.145809411006373235e+00
6.759798994974873798e-01 1.010386240549123613e+02 1.184105727208116132e+00
6.878391959798995092e-01 1.017988305623839551e+02 1.223218622776983233e+00
6.996984924623114166e-01 1.025637898789937026e+02 1.263090439884857918e+00
7.115577889447235460e-01 1.033334528330960893e+02 1.303670065707447590e+00
7.234170854271355644e-01 1.041077695318635961e+02 1.344911931740974342e+00
7.352763819095476938e-01 1.048866893667072873e+02 1.386775134936829579e+00
7.471356783919597122e-01 1.056701610188647464e+02 1.429222671577648374e+00
7.589949748743718416e-01 1.064581324650735041e+02 1.472220773007147043e+00
7.708542713567839710e-01 1.072505509833899850e+02 1.515738332625370610e+00
7.827135678391959894e-01 1.080473631590793957e+02 1.559746413503453777e+00
7.945728643216080078e-01 1.088485148906947870e+02 1.604217826800754532e+00
8.064321608040200262e-01 1.096539513961870398e+02 1.649126772080902859e+00
8.182914572864321556e-01 1.104636172191803780e+02 1.694448531357060750e+00
8.301507537688441740e-01 1.112774562353515648e+02 1.740159209860498546e+00
8.420100502512563034e-01 1.120954116589273326e+02 1.786235517055380528e+00
8.538693467336683218e-01 1.129174260492436588e+02 1.832654582543051580e+00
8.657286432160804512e-01 1.137434413174760266e+02 1.879393801969840405e+00
8.775879396984923586e-01 1.145733987334715493e+02 1.926430708744237164e+00
8.894472361809044880e-01 1.154072389326265693e+02 1.973742868055092137e+00
9.013065326633165064e-01 1.162449019229479745e+02 2.021307789939864374e+00
9.131658291457286358e-01 1.170863270921709045e+02 2.069102858788816057e+00
9.250251256281406542e-01 1.179314532149746810e+02 2.117105276907778943e+00
9.368844221105527836e-01 1.187802184603697242e+02 2.165292020165626496e+00
9.487437185929646910e-01 1.196325603990717354e+02 2.213639803947154316e+00
9.606030150753768204e-01 1.204884160110996163e+02 2.262125057943173534e+00
9.724623115577888388e-01 1.213477216933661111e+02 2.310723908492832823e+00
9.843216080402009682e-01 1.222104132674339780e+02 2.359412167345648736e+00
9.961809045226129866e-01 1.230764259873303672e+02 2.408165325917689170e+00
1.008040201005025116e+00 1.239456945475067187e+02 2.456958554166415620e+00
1.019899497487437134e+00 1.248181530907950219e+02 2.505766703445490240e+00
1.031758793969849153e+00 1.256937352165805351e+02 2.554564312677642501e+00
1.043618090452261171e+00 1.265723739889635908e+02 2.603325617332742592e+00
1.055477386934673412e+00 1.274540019450560067e+02 2.652024560800652964e+00
1.067336683417085208e+00 1.283385511033557123e+02 2.700634807720557973e+00
1.079195979899497448e+00 1.292259529722377920e+02 2.749129758971562865e+00
1.091055276381909467e+00 1.301161385584546224e+02 2.797482568061656849e+00
1.102914572864321485e+00 1.310090383758124517e+02 2.845666158644182264e+00
1.114773869346733504e+00 1.319045824538643501e+02 2.893653242983065255e+00
1.126633165829145744e+00 1.328027003466868337e+02 2.941416341206620544e+00
1.138492462311557762e+00 1.337033211418056453e+02 2.988927801195176315e+00
1.150351758793969781e+00 1.346063734690851561e+02 3.036159818992927750e+00
1.162211055276382021e+00 1.355117855098123982e+02 3.083084459666524335e+00
1.174070351758793818e+00 1.364194850057447184e+02 3.129673678518980040e+00
1.185929648241206058e+00 1.373293992683356919e+02 3.175899342589446395e+00
1.197788944723618076e+00 1.382414551879355713e+02 3.221733252444377804e+00
1.209648241206030095e+00 1.391555792431299778e+02 3.267147164162600426e+00
1.221507537688442113e+00 1.400716975101222488e+02 3.312112811547410995e+00
1.233366834170854354e+00 1.409897356721940014e+02 3.356601928539130864e+00
1.245226130653266150e+00 1.419096190291602397e+02 3.400586271794581616e+00
1.257085427135678390e+00 1.428312725070500164e+02 3.444037643508438329e+00
1.268944723618090409e+00 1.437546206676543079e+02 3.486927914424520658e+00
1.280804020100502427e+00 1.446795877182594268e+02 3.529229047095091776e+00
1.292663316582914668e+00 1.456060975214131759e+02 3.570913119392674862e+00
1.304522613065326464e+00 1.465340736047182872e+02 3.611952348340513375e+00
1.316381909547738482e+00 1.474634391707331815e+02 3.652319114255918819e+00
1.328241206030150723e+00 1.483941171068217955e+02 3.691985985272787207e+00
1.340100502512562741e+00 1.493260299952416972e+02 3.730925742309538773e+00
1.351959798994974760e+00 1.502591001230503025e+02 3.769111404491811701e+00
1.363819095477386778e+00 1.511932494922366459e+02 3.806516255133187698e+00
1.375678391959799018e+00 1.521283998298476945e+02 3.843113868298049240e+00
1.387537688442211037e+00 1.530644725980928342e+02 3.878878136052301695e+00
1.399396984924622833e+00 1.540013890046084271e+02 3.913783296451952776e+00
1.411256281407035074e+00 1.549390700126659794e+02 3.947803962355670659e+00
1.423115577889447092e+00 1.558774363514530705e+02 3.980915151146197761e+00
1.434974874371859332e+00 1.568164085264397727e+02 4.013092315454616532e+00
1.446834170854271129e+00 1.577559068296450278e+02 4.044311375006532039e+00
1.458693467336683369e+00 1.586958513501431298e+02 4.074548749654907986e+00
1.470552763819095388e+00 1.596361619843646622e+02 4.103781393732494287e+00
1.482412060301507628e+00 1.605767584466502740e+02 4.131986831887950906e+00
1.494271356783919424e+00 1.615175602796589374e+02 4.159143196463916503e+00
1.506130653266331443e+00 1.624584868649253622e+02 4.185229266607642273e+00
1.517989949748743683e+00 1.633994574333300989e+02 4.210224509267804116e+00
1.529849246231155702e+00 1.643403910757260746e+02 4.234109122196396235e+00
1.541708542713567942e+00 1.652812067534523521e+02 4.256864079205786133e+00
1.553567839195979738e+00 1.662218233089715795e+02 4.278471177781734802e+00
1.565427135678391979e+00 1.671621594764328620e+02 4.298913089330696380e+00
1.577286432160803997e+00 1.681021338923528674e+02 4.318173412232804154e+00
1.589145728643216016e+00 1.690416651062187157e+02 4.336236727954298154e+00
1.601005025125628034e+00 1.699806715911345236e+02 4.353088660470723958e+00
1.612864321608040052e+00 1.709190717545279767e+02 4.368715939255463532e+00
1.624723618090452293e+00 1.718567839487586753e+02 4.383106466148717573e+00
1.636582914572864311e+00 1.727937264818483527e+02 4.396249386400575609e+00
1.648442211055276108e+00 1.737298176281128690e+02 4.408135164217308777e+00
1.660301507537688348e+00 1.746649756388942478e+02 4.418755663195987005e+00
1.672160804020100366e+00 1.755991187532072217e+02 4.428104231987036066e+00
1.684020100502512607e+00 1.765321652084330708e+02 4.436175795643729991e+00
1.695879396984924403e+00 1.774640332510080043e+02 4.442966953037113420e+00
1.707738693467336644e+00 1.783946411470769817e+02 4.448476080856726966e+00
1.719597989949748662e+00 1.793239071931820945e+02 4.452703444631827878e+00
1.731457286432160902e+00 1.802517497269218438e+02 4.455651317346650764e+00
1.743316582914572699e+00 1.811780871375667630e+02 4.457324106136520747e+00
1.755175879396984717e+00 1.821028378767605318e+02 4.457728487689525565e+00
1.767035175879396958e+00 1.830259204690664774e+02 4.456873552913822145e+00
1.778894472361808976e+00 1.839472535226486798e+02 4.454770961523001560e+00
1.790753768844220994e+00 1.848667557398039207e+02 4.451435107104119382e+00
1.802613065326633013e+00 1.857843459275700297e+02 4.446883293417241312e+00
1.814472361809045253e+00 1.866999430082523759e+02 4.441135922457394081e+00
1.826331658291457272e+00 1.876134660299612733e+02 4.434216695024816524e+00
1.838190954773869068e+00 1.885248341771221021e+02 4.426152824297745703e+00
1.850050251256281308e+00 1.894339667809363164e+02 4.416975263117940642e+00
1.861909547738693327e+00 1.903407833298333571e+02 4.406718945372067431e+00
1.873768844221105567e+00 1.912452034798770910e+02 4.395423041987145396e+00
1.885628140703517364e+00 1.921471470651868003e+02 4.383131231761188573e+00
1.897487437185929382e+00 1.930465341082544910e+02 4.369891987275448031e+00
1.909346733668341622e+00 1.939432848302640195e+02 4.355758875676404962e+00
1.921206030150753641e+00 1.948373196613883920e+02 4.340790874122880005e+00
1.933065326633165881e+00 1.957285592510397692e+02 4.325052699150428559e+00
1.944924623115577678e+00 1.966169244780267036e+02 4.308615148900062586e+00
1.956783919597989918e+00 1.975023364607368421e+02 4.291555456636809929e+00
1.968643216080401936e+00 1.983847165672923438e+02 4.273957653347070007e+00
1.980502512562814177e+00 1.992639864255370412e+02 4.255912936578276629e+00
1.992361809045225973e+00 2.001400679331354695e+02 4.237520041729743170e+00
2.004221105527637992e+00 2.010128832675200101e+02 4.218885611136466096e+00
2.016080402010050232e+00 2.018823548957661842e+02 4.200124555131103499e+00
2.027939698492462473e+00 2.027484055845552575e+02 4.181360398024060565e+00
2.039798994974874269e+00 2.036109584099176573e+02 4.162725600601691056e+00
2.051658291457286509e+00 2.044699367670345964e+02 4.144361849237401252e+00
2.063517587939698306e+00 2.053252643799178259e+02 4.126420300155739795e+00
2.075376884422110546e+00 2.061768653110848390e+02 4.109061765794438159e+00
2.087236180904522342e+00 2.070246639711203898e+02 4.092456828718794348e+00
2.099095477386934583e+00 2.078685851282225485e+02 4.076785867021593290e+00
2.110954773869346823e+00 2.087085539176396196e+02 4.062238974115833123e+00
2.122814070351758620e+00 2.095444958510979632e+02 4.049015754984284676e+00
2.134673366834170416e+00 2.103763368261197684e+02 4.037324980772290850e+00
2.146532663316582656e+00 2.112040031352771621e+02 4.027384084210738457e+00
2.158391959798994897e+00 2.120274214753990236e+02 4.019418479778948061e+00
2.170251256281407137e+00 2.128465189567068592e+02 4.013660695244579912e+00
2.182110552763818934e+00 2.136612231118397176e+02 4.010349304966894124e+00
2.193969849246231174e+00 2.144714619048572786e+02 4.009727660739778266e+00
2.205829145728642970e+00 2.152771637401237967e+02 4.012042422417410492e+00
2.217688442211055211e+00 2.160782574711629422e+02 4.017541898475733397e+00
2.229547738693467007e+00 2.168746724093816738e+02 4.026474215476210539e+00
2.241407035175879248e+00 2.176663383327595511e+02 4.039085344699001823e+00
2.253266331658291488e+00 2.184531854944216320e+02 4.055617023731136861e+00
2.265125628140703284e+00 2.192351446311677137e+02 4.076304619319837563e+00
2.276984924623115525e+00 2.200121469718933440e+02 4.101374985275792362e+00
2.288844221105527321e+00 2.207841242459262503e+02 4.131044374133498565e+00
2.300703517587939562e+00 2.215510086912836414e+02 4.165516463700805083e+00
2.312562814070351802e+00 2.223127330628494747e+02 4.204980558468925267e+00
2.324422110552764043e+00 2.230692306404489500e+02 4.249610021451744046e+00
2.336281407035175839e+00 2.238204352368438776e+02 4.299560983985577955e+00
2.348140703517587635e+00 2.245662812056398252e+02 4.354971370285107390e+00
2.359999999999999876e+00 2.253067034491023151e+02 4.415960260372159496e+00
